$ANSIBLE_VAULT;1.1;AES256
34616535376334646334633131626461613130366336366465623566383264353666646464303564
3064303238333363323566643561393863343365633563360a333031303864643832653935393232
63316637306439356261393265643061663466353635393537363665366564383833333461346333
3439373639623034630a643762366639316462663564363134323738613863313732666339653962
32353930663836376631343737313037316365303938386239643331343463363261623863653936
63633434306261396365633263333633323734376565363938643935646530323937343439643662
61356663646262653564626665313763633234613764666533373932636262333762343362366565
61396531613762323439356331343730656565643761623630326636313633393266303736393138
37373938353031353836646231323165616161353766353630346132656430333961616530333838
62393737323865613163366633666564613662303035316338613631366332636431643937643235
37326635633531663035643133613163626637616633646431313839623862623839363064343630
35613365316137663338613433643934346164373966663634643064386630623630366334323730
61306235313034626632313162336134356265653233373137353631383031306635333331353931
37356563653035356430316236383237646363333563313361353732373739323136326661656135
61396339313330633838313530363032306138326265386430626639653266643061323434346362
63373166663362363039
