$ANSIBLE_VAULT;1.1;AES256
36613434353030643831386662383564653035653538336632376566393236613865333634353566
3533326630643565343533613031623239373939396166340a323161366633323132613531626232
63363839353333303330656563636362663661313263333639626430343532633262343332616261
6239623362313865360a383834633033313963656362343533366239383833373534653232353162
39653562616539383032373130393661623132393333396561613032303832396436633833656235
63313130643432353562306162393737633463316564343337623036353736373333643436313766
65333235303031393730646435633138663931313362633566333565373164353636383830363265
38636438353161633731396265353836326463633437376330303339333032663562376130653263
35343532613236633532353262363461653833656334376135313465336339616137326462653536
33666132333263356533366638656266383564663065666331333163346132306565656566363233
38303765353735626231316534633336353630376636373566643830643739363632623831373830
30383830663761633037396464653931343030376534326265636438623161373235376463333866
31336530623732653335623235333764643063346565323630633631656436633230346434373062
33663261333534306361303237366436613861663431353766653265313563353530336139633864
35326631343465313363316434393438666536343831623964346333653138323165373232303833
39386430326639363262393239343963663135643939666134333134313831383539323061653138
31366336363637373139663636626130356265396266353232386139366165633435613465653835
31636333346365356635663035323864373839343764333436376262366235316461623136373638
34663731613632306230363031396261633334363335313164626133616334326636363764363638
31363463303736366130346261336638383364363530646361386466636665346430313866653336
35353330666430616232643434613662656565366664623563646661656362363231663666636131
39316434336461636139623533346237326132373239616665303564326332393735383138333236
36323432313439303762313261393263366530623461626462396538623465393264303534653066
31306134633933623037376665636535363630336130333734656362323934623136633539623736
61636365626336643463663565316138656463386465313138386335663830386530633363636236
30663261633531613830363332373339623132333338633762643835333362336662313732383235
37653637313866363137323564336462333265353863326531396330623237333037636634366563
65653761653163346631663034353931653638643365663236323364353239333666366332636630
38313737663261623563363461633765376134336534323134353938366663393739376135626630
31303039353464363835343662346436613135653535626430626465366364636637323237663865
38346330663264343631623530303634353536396434326638666665393361386463663434383764
30646232386639353763396432633664316664626336353738313438373630623762386230356666
34353635373932666230663130343564643239633639363565383632353062396564316366663536
37623363653564323365363661653838376632376131663031353961653331346365336637396366
37343339306166316536396465633530363937353538633465393334643431646461656532323339
39616335363836306662646631316330383239616430663937663466303334623131356262366639
32353530643766316363656366343866616264356261643237323438646534386534373234333762
35303263326334376262336661333835356163383232636236363031393462666330386365353333
37386566326531383332343634643231313662626132663730613338646338313539656430333564
36636665326636613666313465656666363436343331613638666538313930326635353961646436
30616266323531326265333861323936613031373263643464323165306635396364653739396234
33316165633539343237393730313336386437336466613333633933643163613666323861306337
62633937663865343163666131663464363938643131636536613939613135393562396663326137
62643831393662353062316432663064333432333237343136656466656438393861623965626535
61636566396136626636393131393430333234336134616537623462383065363763643164383539
64333137623965343939383963393734663061636638646538386539613530613265313766356462
63613639393461653531656431623763386638393037303035376463346262383933303564663665
34353165653735643962326263383936336465613233363361396661353633633965643430616164
63633633336437663635613032323731633231323833653466636366613731663336376531376161
62343739396537373739393564386662386531373630323464363833616531363539656261356530
63383734336561346538383361316436316638633865373833613938343936663737316535303533
31396334383636346230653661663335633566623434653732643330653434343434653830616436
65396638343834393561666136336237323137633137393433386330623539613134653762306161
31306439366530346339613963333561366230303132316663626234656233393162623861396434
32353432386535376138663463323733343663376138333233633733666538623431373631353538
39333164613663386435383137356634623930386338386632623765343564613466383362643865
64336139643539363831663365383139613664616434323033373133633838636235646333623034
39353832363766393663656439343362653064643163616363666664613430323863373661623439
33313332353439366632366330623630386337336565356337373432376531316433613061623161
61646439653231656132376633643664666234333430623234653337326262386130346362393931
35663065646266313362653033623436363131616464643137386563636235393637643534343965
62633632663232363732303933373861353034343539633963613731663338326434623333313130
39353265336131373737663133353530393439376466353034386666666133613033313563663665
30356265373363666539656635663466613566333462663633336235396239336233383134356463
39633633316434346564633639323466373461356335373764663962326534393036613163323164
63626163303833666165303033393031353539326565303230316161656433366431363632323136
32636136306563386538386433316437653234663331373635396130613534613561623639616534
32366139616261666666383366343134323762323734323061333534373031386236663265303865
61353266636332333861353361303930343264616163333931666532326434616334613939643134
36393630353831313038653036653865373566336535313831323164636331343835653835373165
62393836643964343962336466616232303833373831626330393764623666313530623161373062
62393533633837646366323636613333373233303461363238646138383366306664633332353431
64373330356566633839346432653862653032643230313462396139383233653765346536383737
38623330343762633362386331356162643538616430653833376133313637333330376636376462
66636163323564306139323532636566303636653462386466316437353531623934633063393062
63383636626565626437306133396434313863636436393638303233363466376136643532363039
63356161363338643536393233386330613539353832633861393938383464666430626466626562
61616130303265303066316165313239663032633736323036666530663630343031393333613561
66353063373662343636383165343833323431646136383961646332356433363137393032633432
39333861653837323838393162656265396231633261623462393163316663653137303666343430
30326237363836666534326461373731346462333333316634656337353538313533653932623561
61356662653162656230666233363762343230386132343938353033653861643932633030363166
33396632353663313361346565393935333233386565633131333736633938353836373532653864
64643930656531663737663565396664376263396633656631373531643361653861313938373762
34316634653063653337613365313636636566333032623661663161373637303365333365643865
31386530393131343863623161336530613664376437373537353831363738366532346163303234
32653561303430323433663339343835356463633562393036616637396634326435343630663634
35313233636536643437313233353833306339376564303036666666333762636537646637343339
33363937303336643062333261346565323439646336613634653863316465346236313430383130
31376638636331616337386437326264663338613766363832623866646233383732613561623262
63353265373136663565643164323137613165643931666637353064653537666565306339323334
66643533346161313031636661376339313633666138383936616532346539646161623335383338
33633631393265646234663436346462303364336161326130653037363364616532373532613739
63336335353065323736333734373137346531376664663766336464336333336232646234613832
63376235623939633530386234356233336664616261336663313864373634643562666530303530
62303530303664326139343732663661383966623666636163653234636462393966396331333431
37633765616265646337633938643565623863646133363533303161396431386461343435666239
35353166313236333166303632376537353365663537373730653735353631663338306138303439
66353435393333633930376264353665303763346562393663623236643939343430376539333238
36383433623062663633383635373639363562376161333930333063323236663433646133356130
33396566653832333733353966376636363933363331343063613232306266343636383430656133
61613435306637616665373163653731383366616232363436656532373732363666653764353265
62636433663430643834303336363438633037653637383533386130666263373637313030663066
63393136353837376562353933396465616464616539623261646633373862373633356130633432
64376131653466323865353765623031363339373461396437626432366236646366373665326366
37316538396333666637313434613434653133646334663933333634646439636265353731366638
65396264663531656237353231373565646635643266656634613166303831383934613531353761
31366439366166333235393235343734366232616437346662363238666339613039363935333630
62373961636665313035316133386630336530643631646234613533363961633931313561633431
65366537653336383664646636616532626565343161303665656362346631653737396561636331
31373635613262396131636234383132393534336236643562616532633239623165393730323834
32356337343138623032636638613935653032636336633266326662306634313832336433633033
33643363323334626133653037353033636631656365356538356531336461393839333930376638
31396566383639323661333864323136333765323364376233323631353437363362663666333566
34366230393135326566613031663035613139353036613133633733396639653235643365653864
33623366343164646339396334616166306664323836663963343934303231303235653630313331
33356231393133633362376566633362653535346634646139383035306161353866333263656431
35663764313633353264386133656536353135303435363736316434346266643531633466363935
64376165396162383761373138616331376266613134326333663465396630373762363838333764
66356565323135616237613037613237613666333661346235323032393961623538353166636632
32613239303661353837626130363436616332643564323936376430333466323334356231313037
63323434366365343863353436396566326433353333343663336562323535643832623337663132
37626566623265336361323565386436633034343165396233633065316135616630363330356464
62393063336538373066366635386436366362663730623664333732616336353261333433663330
34376462623764636134666166646561373634303536643536353533366536306636616236626462
36636239656661636364343261613535663035373132333633346135613834363333303365366466
65653439353162326166333265366435306164616332646565633135626264623763643838613066
64363737666431353538613132333663353535613638613065643234393563393662626463643734
61353263333362336135623237653330323464303064323166343736336165353536666463633964
34306330613330323664383062653165623730656262353263613834353539353666643431373865
30663561393861643334663365626637323966613433383266393539333230653033323938623331
30343434626539393231353839353734306537336535373262613561323536313431363030636138
63633962363834356336323933376336356537396433613330303338636662663464323661303261
62323364393933313137373630323830353565353638616464313438363662393866386663393834
31336361336166376239356666336461626661373738626632366336643435653563643564343564
61376263363039383933
